AdjacencyGraph
128
1252
0
14
31
51
67
84
102
118
129
148
163
176
186
206
215
228
235
252
259
276
283
298
310
322
329
340
351
358
371
381
391
403
410
433
448
461
472
491
506
517
523
532
540
551
562
569
583
589
595
611
625
642
652
664
672
682
684
698
705
717
725
733
740
744
750
767
779
792
802
819
825
833
839
849
856
862
870
875
884
895
905
916
931
939
946
952
963
975
984
992
1003
1012
1020
1026
1034
1041
1047
1059
1068
1080
1086
1093
1101
1111
1114
1121
1128
1134
1142
1150
1157
1163
1167
1176
1185
1192
1196
1205
1210
1213
1215
1225
1231
1235
1239
1245
1248
1249
1
2
4
5
8
10
12
16
28
32
56
64
65
66
0
3
5
6
8
9
11
16
18
27
32
33
37
49
57
64
65
0
3
6
10
12
16
18
32
33
34
42
50
66
67
70
74
78
80
83
99
1
2
6
7
8
10
11
18
23
27
43
47
50
64
102
103
0
5
7
8
12
14
16
20
21
30
36
37
40
58
65
68
108
0
1
4
7
9
12
13
20
25
29
37
38
39
44
54
68
85
113
1
2
3
7
10
14
20
33
34
36
37
38
50
66
68
78
3
4
5
6
11
13
15
22
69
87
102
0
1
3
4
9
11
12
16
18
24
28
31
40
56
65
72
77
104
121
1
5
8
11
12
13
17
25
33
41
42
45
72
73
105
0
2
3
6
14
18
26
30
42
46
75
89
98
1
3
7
8
9
15
16
17
27
79
0
2
4
5
8
9
13
14
20
21
24
28
44
68
70
74
76
78
92
96
5
7
9
12
30
36
45
69
102
4
6
10
12
15
28
30
31
46
68
71
78
86
7
11
14
27
71
75
77
0
1
2
4
8
11
18
20
24
26
32
48
49
52
58
80
112
9
11
19
27
32
33
89
1
2
3
8
10
16
19
20
22
48
49
50
51
56
66
70
90
17
18
22
27
50
51
82
4
5
6
12
16
18
21
22
30
36
61
68
84
87
90
4
12
20
23
29
38
49
52
55
81
85
96
7
18
19
20
25
28
30
50
52
54
82
86
3
21
31
51
55
63
83
8
12
16
26
54
72
74
77
81
88
112
5
9
22
29
41
48
49
57
60
94
121
10
16
24
27
50
73
91
1
3
11
15
17
19
26
50
56
59
87
89
91
0
8
12
14
22
29
60
84
92
93
5
21
25
28
37
45
53
61
72
93
4
10
13
14
20
22
31
58
62
88
90
94
8
14
23
30
85
91
93
0
1
2
16
17
33
35
36
40
42
44
45
48
49
50
52
56
59
60
96
98
102
118
1
2
6
9
17
32
35
36
37
38
39
41
49
67
97
2
6
35
38
42
43
46
48
50
62
64
96
98
32
33
34
36
38
49
51
59
97
99
101
4
6
13
20
32
33
35
37
38
41
45
50
52
64
68
96
100
102
108
1
4
5
6
29
33
36
39
44
45
49
53
63
85
108
5
6
21
33
34
35
36
42
47
98
101
5
33
37
43
51
54
4
8
32
42
48
52
56
57
104
9
25
33
36
43
45
66
105
2
9
10
32
34
38
40
43
44
50
58
3
34
39
41
42
45
47
67
75
106
107
5
12
32
37
42
45
60
9
13
29
32
36
37
41
43
44
53
60
105
109
111
10
14
34
58
63
79
3
38
43
61
107
110
16
18
25
32
34
40
49
50
51
52
53
56
58
112
115
116
1
16
18
21
25
32
33
35
37
48
53
57
59
113
2
3
6
18
19
22
26
27
32
34
36
42
48
51
54
114
116
18
19
23
35
39
48
50
54
59
67
16
21
22
32
36
40
48
54
56
62
116
124
29
37
45
48
49
54
63
117
5
22
24
39
50
51
52
53
87
100
21
23
0
8
18
27
32
40
48
52
57
58
59
60
61
121
1
25
40
49
56
61
121
4
16
30
42
46
48
56
59
102
106
116
122
27
32
35
49
51
56
58
113
25
28
32
44
45
56
62
110
20
29
47
56
57
63
125
30
34
52
60
23
37
46
53
61
127
0
1
3
34
36
65
66
68
75
80
81
88
92
98
100
116
117
0
1
4
8
64
67
68
73
88
96
97
105
0
2
6
18
41
64
67
68
75
86
90
96
98
2
33
43
51
65
66
75
80
107
115
4
5
6
12
14
20
36
64
65
66
69
70
81
86
88
109
116
7
13
68
71
85
93
2
12
18
68
76
86
95
102
14
15
69
78
79
103
8
9
24
29
73
74
89
91
96
104
9
26
65
72
77
81
89
2
12
24
72
78
95
10
15
43
64
66
67
77
91
12
70
77
86
92
8
15
24
73
75
76
79
93
110
2
6
12
14
71
74
79
88
90
95
108
11
46
71
77
78
91
94
107
119
124
2
16
64
67
81
82
84
88
89
114
120
21
24
64
68
73
80
85
87
89
93
96
101
112
113
121
19
22
80
83
86
90
114
120
2
23
82
91
95
97
99
20
28
80
86
112
120
5
21
31
37
69
81
86
87
116
117
122
14
22
66
68
70
76
82
84
85
87
90
94
7
20
27
54
81
85
86
95
119
24
30
64
65
68
78
80
120
10
17
27
72
73
80
81
91
93
94
120
18
20
30
66
78
82
86
94
118
26
27
31
72
75
79
83
89
12
28
64
76
120
124
28
29
31
69
77
81
89
97
25
30
79
86
89
90
101
70
74
78
83
87
127
12
21
32
34
36
65
66
72
81
100
105
120
33
35
65
83
93
99
107
113
115
10
32
34
38
64
66
99
100
102
112
114
120
2
35
83
97
98
107
36
54
64
96
98
106
113
35
38
81
94
104
106
109
111
3
7
13
32
36
58
70
98
110
114
3
71
109
8
40
72
101
106
109
116
9
41
45
65
96
107
127
43
58
100
101
104
111
43
47
67
79
97
99
105
109
4
36
37
78
110
114
124
125
45
68
101
103
104
107
125
47
60
77
102
108
111
45
101
106
110
16
24
48
81
84
98
113
114
121
5
49
59
81
97
100
112
117
123
50
80
82
98
102
108
112
48
67
97
123
48
50
52
58
64
68
85
104
124
53
64
85
113
118
32
90
117
79
87
80
82
84
88
89
92
96
98
122
123
8
25
56
57
81
112
58
85
120
123
113
115
120
122
52
79
92
108
116
126
61
108
109
124
63
95
105
